GEOID,TotalCivilianEmployedPopulation,ManagementBusinessScienceAndArts ,Service,SalesAndOffice,Natural resourcesConstructionAndMaintenance,ProductionTransportationAndMaterialMoving
0500000US01003,102800,67.3,6.2,6,11.4,9
0500000US01015,49415,70.4,2.1,5.2,16.2,6.1
0500000US01043,35876,70.5,2.7,6.3,9.1,11.4
0500000US01049,29616,72.5,1.7,3.5,11.2,11.2
0500000US01051,34265,68.3,2,6.9,18.4,4.3
0500000US01055,44172,74.4,3.1,4.4,13.3,4.8
0500000US01069,44812,70.8,2.6,6.5,12.9,7.1
0500000US01073,298525,71.5,3,8.3,12.4,4.8
0500000US01077,42960,69.9,3.5,4.3,16.5,5.7
0500000US01081,73544,68.1,3.8,6,17.6,4.5
0500000US01083,41425,70.6,2.5,5.3,16.1,5.5
0500000US01089,176976,67.1,2.7,8,17.7,4.5
0500000US01095,40540,74.1,3.8,3.8,11.8,6.6
0500000US01097,171487,72.8,2.8,6.8,12.6,5
0500000US01101,97362,61.2,2.9,7.6,22.5,5.8
0500000US01103,53742,75.7,3.8,4.2,11,5.2
0500000US01115,N,N,N,N,N,N
0500000US01117,107307,69.9,4.8,8.1,12.1,5.2
0500000US01121,31923,71,4.2,5.2,14.7,5
0500000US01125,98877,65.3,3.2,6.8,18.8,5.8
0500000US01127,25291,74.5,0.6,5.2,14.7,5
0500000US02020,144628,58.2,4.3,10.5,21.4,5.6
0500000US02090,45983,51.3,4.8,9.3,27.8,6.7
0500000US02170,42696,63.6,2.6,7.2,18.8,7.7
0500000US04001,17763,43.6,1.2,3,47.6,4.6
0500000US04003,43375,57,2.3,6.2,28.6,6
0500000US04005,67654,62.8,2.7,8.4,20.4,5.7
0500000US04013,2139992,72.3,4.4,6.4,11,6
0500000US04015,72632,69.2,2.7,7.1,13.8,7.2
0500000US04017,32196,49,4.5,6.2,31.2,9.2
0500000US04019,454426,66,3.7,7.4,16.1,6.8
0500000US04021,162888,69.8,3.2,6.2,15.6,5.1
0500000US04025,87644,61.7,6.3,6.9,13.7,11.4
0500000US04027,76472,64.8,1.3,8.7,21.5,3.8
0500000US05007,136545,75.5,2.6,6.6,8.2,7.1
0500000US05031,49628,64.9,2.8,11.1,13.6,7.6
0500000US05045,57984,66.8,3.5,12,11.8,5.8
0500000US05051,41066,67.3,4.4,9.6,11.2,7.4
0500000US05069,23835,64.8,1.8,4.7,22.3,6.4
0500000US05085,32107,70.3,3.9,4.5,14.9,6.4
0500000US05119,188340,64.7,3.8,8.5,18.1,5
0500000US05125,59219,63.6,3.3,9.1,17.4,6.6
0500000US05131,59618,72.9,3.8,7.1,9.5,6.7
0500000US05143,115315,64.8,3.6,8.4,16.1,7.2
0500000US05145,31608,68.7,8.1,5.6,11.2,6.4
0500000US06001,882648,69.1,2.7,8.4,12.2,7.6
0500000US06007,101385,63.7,2.4,9.9,14.8,9.2
0500000US06013,577749,66,3.5,8.2,13.7,8.7
0500000US06017,88702,58.5,5.5,7.2,17.4,11.4
0500000US06019,414515,66.8,2.8,6.1,18,6.3
0500000US06023,64215,57.5,5.2,5.7,19.4,12.1
0500000US06025,61830,63.4,1.8,3.7,24.3,6.8
0500000US06029,348493,71.5,2.2,4.2,15.5,6.5
0500000US06031,52644,59.7,1.8,6.2,25.3,7.1
0500000US06033,25891,54.8,4.2,5.4,22.7,13
0500000US06037,5001369,68.6,4.2,6.3,11.2,9.7
0500000US06039,59187,69.1,0.9,5.8,18.1,6.1
0500000US06041,134656,56.9,7,9.9,10.3,15.8
0500000US06045,39072,54.5,3.9,10.2,12.6,18.8
0500000US06047,111737,73,1.6,4.8,14.6,6
0500000US06053,190707,70.3,2.7,4.5,15,7.5
0500000US06055,68939,68,4.3,8.3,11,8.4
0500000US06057,44505,48.5,6.7,9.3,14.5,20.9
0500000US06059,1613730,71.6,4.3,5.6,10.1,8.3
0500000US06061,180107,64,4.2,7,16.2,8.6
0500000US06065,1069565,70.9,3.1,5.1,13.6,7.3
0500000US06067,723076,62.2,2.3,7.5,20.6,7.5
0500000US06071,946515,69.9,2.6,5.6,15.3,6.6
0500000US06073,1606430,68.2,3.9,6.7,13.2,8
0500000US06075,536653,69.7,4,7.5,11,7.9
0500000US06077,326352,74.3,1.8,5.4,13.1,5.4
0500000US06079,128406,63.4,4.9,4.9,18.1,8.7
0500000US06081,418073,71.8,3.5,7.4,10.1,7.2
0500000US06083,210598,62.8,4.2,8.2,16.1,8.7
0500000US06085,1014217,75.5,2.5,6.7,9.2,6.1
0500000US06087,135393,62.1,3.6,9.1,14.9,10.4
0500000US06089,69649,60,3.2,9,19.1,8.9
0500000US06095,216357,64,1.5,7.6,19.8,7.2
0500000US06097,259984,63.2,4,8.2,13.3,11.4
0500000US06099,229483,71.2,2.8,4.7,14.3,7
0500000US06101,40133,66.8,2,4.3,16.9,10.1
0500000US06107,182312,66.7,4.2,4.8,15.8,8.4
0500000US06111,419074,70,3.2,5.5,12.3,8.9
0500000US06113,98657,55.2,3,6.8,26.4,8.6
0500000US06115,30058,69.8,0.8,5.9,13.9,9.6
0500000US08001,274062,75.2,2.9,6.1,11.7,4.1
0500000US08005,353686,71.9,4.4,6.9,11.2,5.6
0500000US08013,178279,64.4,6,9.8,13.1,6.7
0500000US08014,39905,73,4.5,7.9,10.8,3.9
0500000US08031,418381,68.5,5.2,9.9,11.1,5.4
0500000US08035,188254,70.2,6.5,6.2,11.7,5.4
0500000US08041,338552,65.6,4.7,9.4,14.8,5.5
0500000US08059,323307,67.9,5,8,13.8,5.3
0500000US08069,186123,64.2,5.9,7.5,15.7,6.8
0500000US08077,69660,64,4.3,9.7,13.1,8.8
0500000US08101,70473,65.2,3.3,8.5,18.8,4.2
0500000US08123,159677,70.4,4.2,7.5,11.7,6.1
0500000US09001,480867,69.3,4.9,8.4,10,7.4
0500000US09003,454221,70.5,3.2,8.5,12.7,5.2
0500000US09005,96288,67,3.3,8.1,11.9,9.8
0500000US09007,89692,65.2,3.4,11.6,13.6,6.2
0500000US09009,432459,66.3,3.5,12.7,11.9,5.5
0500000US09011,132998,68.2,2.2,9.3,14.4,5.9
0500000US09013,76834,66.1,2.5,9.1,18.1,4.1
0500000US09015,59192,68.3,2.5,9.8,14,5.4
0500000US10001,80288,64.6,4.3,6.4,21.5,3.3
0500000US10003,276075,69.1,3.6,9.4,13.6,4.3
0500000US10005,102071,66.2,6.2,6.8,14.3,6.5
0500000US11001,380983,49.8,3.2,19.1,23,4.9
0500000US12001,130938,58.1,4.4,9.7,23,4.7
0500000US12005,83452,69.4,3.5,5.4,17.2,4.4
0500000US12009,257032,69.5,5.3,7.8,12.3,5.2
0500000US12011,973193,71,7.1,5.1,10.6,6.2
0500000US12015,63398,67.1,6,5.2,11.8,9.9
0500000US12017,45854,77.3,4.9,4.9,8.6,4.2
0500000US12019,97919,69.4,3.6,8.2,14.5,4.3
0500000US12021,160980,69,10,4.5,7.9,8.7
0500000US12023,26780,59.2,4.6,7.1,23.7,5.4
0500000US12031,462060,72.6,4,8.6,10.9,3.9
0500000US12033,137165,65.8,3.3,11.2,13.8,5.9
0500000US12035,45417,68.9,6.1,9,10.4,5.6
0500000US12053,69605,72.3,4,5,12.7,6
0500000US12055,34619,68.4,6.9,8.3,8.7,7.8
0500000US12057,701413,72.3,5.3,6.5,11.1,4.8
0500000US12061,60542,67.4,7.2,5.4,12.5,7.4
0500000US12069,143797,69.4,6.6,9,9.7,5.3
0500000US12071,322460,70.7,6.2,6.1,11.5,5.4
0500000US12073,148658,56.6,2.8,7.5,28.1,4.9
0500000US12081,171037,69.5,7.2,8.1,9.6,5.7
0500000US12083,126611,69.7,5.1,5.5,12.6,7.1
0500000US12085,62493,69.1,6.8,7.3,9.5,7.3
0500000US12086,1373136,72,6.4,5.3,8.7,7.6
0500000US12087,39288,59.3,9.9,6.2,16.5,8.1
0500000US12089,39986,65,5.2,7,14.5,8.3
0500000US12091,89841,63.3,4.2,4.7,20.6,7.2
0500000US12095,702972,74.6,4.2,7,9.5,4.8
0500000US12097,175204,74.6,3.3,6.3,11.7,4.1
0500000US12099,692533,69.8,8.6,4.9,9.7,6.9
0500000US12101,223564,71.1,5.1,6,11.7,6.2
0500000US12103,463736,70,5.8,8,10.1,6.1
0500000US12105,303647,76.8,3.4,5.7,9.2,4.9
0500000US12107,25314,66.5,5.1,9.2,14.4,4.7
0500000US12109,116692,66,6.4,7.2,12.4,8
0500000US12111,134834,66.8,6.2,8.1,11.5,7.3
0500000US12113,78778,61.4,5.7,9.6,19.3,4
0500000US12115,178458,70.4,7.5,5.3,8.5,8.3
0500000US12117,244741,70.7,6.6,7.6,9.9,5.1
0500000US12119,29430,70,4.1,11.2,6.7,8
0500000US12127,235204,72.2,5.9,6.3,9.3,6.2
0500000US12131,32819,66.4,10,3,11.9,8.7
0500000US13013,39237,73.9,4.8,4.2,11.1,6.1
0500000US13015,49863,68.9,3.3,7.1,13.6,7.2
0500000US13021,63939,69.6,4.5,6.8,16.4,2.7
0500000US13031,N,N,N,N,N,N
0500000US13045,52953,77.3,4.5,3.7,10.7,3.7
0500000US13047,N,N,N,N,N,N
0500000US13051,142556,71.1,4,6.7,13.9,4.2
0500000US13057,131408,72.3,5.3,4.4,10.7,7.3
0500000US13059,60000,60.1,2.7,4.8,26.9,5.6
0500000US13063,135587,74.6,3.1,4.1,14.2,3.9
0500000US13067,408750,73.3,4.7,6,9.9,6
0500000US13073,70815,65.7,2.5,6.4,20.7,4.7
0500000US13077,71614,74.8,3.9,4.5,12.6,4.2
0500000US13089,395842,69.1,5.5,9,12.2,4.3
0500000US13095,36258,65.4,2.8,7.9,20.3,3.6
0500000US13097,70690,75.5,3.2,5.3,10.5,5.4
0500000US13113,53867,66.7,6.3,5.9,15.6,5.4
0500000US13115,38960,70.5,3.7,6.7,12.4,6.7
0500000US13117,121033,73.9,5.1,5.2,8.8,7
0500000US13121,544695,72.7,5.3,6.2,10.2,5.6
0500000US13127,40064,66.6,4,6.4,15.2,7.8
0500000US13135,472029,74.1,4.8,5.1,10.3,5.6
0500000US13139,96289,73.1,4.5,5.2,10.3,6.9
0500000US13151,117984,66.4,3.8,4.7,18.5,6.5
0500000US13153,73425,55.9,4,4.3,30.6,5.2
0500000US13157,35321,67.9,6.7,6.6,13,5.8
0500000US13185,47012,70.5,2.6,8.6,14.1,4.1
0500000US13215,75494,71.7,2.5,5.2,15.9,4.8
0500000US13217,48689,70,3.5,4.7,14.7,7.2
0500000US13223,82465,72.3,4.9,3.1,14.7,5.1
0500000US13245,86643,68.8,1.4,6.9,20.7,2.2
0500000US13247,40904,67.4,7.9,4.5,16.8,3.3
0500000US13255,N,N,N,N,N,N
0500000US13285,30520,79.3,1.3,4.6,11.3,3.5
0500000US13295,30105,68.9,2.5,6.1,14.4,8.1
0500000US13297,43891,66.6,5.4,4.7,16.4,6.9
0500000US13313,48487,84.6,1.4,4.3,6.6,3.1
0500000US15001,90541,58.8,5.8,6.5,16.4,12.5
0500000US15003,472885,61.1,3.3,8,22.1,5.5
0500000US15007,36467,66.5,4.7,4.8,12.1,12
0500000US15009,84943,60.8,7.6,9.9,13.8,8
0500000US16001,234955,66.3,4.7,9.5,12.4,7.1
0500000US16005,38962,63.4,4.1,8.4,18.6,5.5
0500000US16019,49000,66.9,4.8,4.1,18.7,5.5
0500000US16027,99434,69.9,4.6,7.6,10,7.9
0500000US16055,75961,70.6,3,7.9,11.1,7.4
0500000US16083,40231,73.3,4.1,6.6,10.7,5.3
0500000US17001,33898,64.6,3.7,15.4,10.9,5.6
0500000US17019,102318,54.6,2.7,9.4,27.4,5.8
0500000US17031,2585305,70.3,4.1,9.9,11,4.8
0500000US17037,53131,68.6,1.9,7.1,16.8,5.6
0500000US17043,498676,73.2,5.5,8,9.1,4.1
0500000US17089,275153,76.3,3.8,5.4,10.2,4.3
0500000US17091,50175,72,2.1,9.1,12.6,4.2
0500000US17093,62503,72.9,2.8,5.5,15.3,3.5
0500000US17097,351948,74.1,4.9,6.7,9.4,4.9
0500000US17099,53194,71.6,2.7,8.1,12.1,5.5
0500000US17111,166067,74.1,4.6,5.9,10.7,4.6
0500000US17113,86902,70,1.3,12,14.5,2.3
0500000US17115,48087,72.9,1.8,10.1,11.3,3.8
0500000US17119,129815,74.1,2.3,7.4,11.8,4.3
0500000US17143,82041,74.3,1.2,11.5,7.5,5.5
0500000US17161,68343,73.7,2.4,9,12.1,2.7
0500000US17163,122021,69.8,2.2,10.5,14.3,3.3
0500000US17167,96234,59.5,3.6,11.6,21.1,4.2
0500000US17179,60423,71.9,2.2,9.2,12.8,4
0500000US17183,30380,68.4,4,6.8,14,6.9
0500000US17197,360561,75.6,4,6.1,11.3,3
0500000US17199,30328,64.2,3.1,6.5,20.9,5.1
0500000US17201,135900,76.6,3.6,7.3,8.2,4.3
0500000US18003,185932,74.5,2.9,11,7.3,4.3
0500000US18005,39897,76,2.2,10.7,6.3,4.8
0500000US18011,34911,69.9,3,11.9,10.3,5
0500000US18019,61628,75.8,2.3,6.9,9.9,5
0500000US18035,54230,68.1,3,10.3,14.8,3.8
0500000US18039,100368,74.8,3.6,8.9,7.2,5.6
0500000US18043,40049,76.5,2.4,6.9,10.3,3.8
0500000US18053,29113,66.1,1.2,12.8,13.7,6.1
0500000US18057,176794,73.5,4.2,9.6,8.5,4.2
0500000US18059,38298,74.3,1.6,7.4,11.5,5.3
0500000US18063,89350,71.4,2.2,9.2,12.3,4.9
0500000US18067,37974,74.3,2.5,8.7,9.9,4.6
0500000US18081,81632,70,4.2,10.3,10.4,5.2
0500000US18085,42010,79.2,3.5,6.3,7.5,3.5
0500000US18089,222504,78,2.5,7.4,9.1,3
0500000US18091,47592,73.7,2.2,7.5,10.6,6
0500000US18095,57600,73.4,1.8,8.7,11.2,4.8
0500000US18097,466254,74.7,2.5,8.7,9.7,4.4
0500000US18105,73938,55.1,3.3,9.9,27.5,4.3
0500000US18109,33599,70.5,2.8,10,11.8,4.9
0500000US18127,82681,75,2.9,7,10.9,4.2
0500000US18141,136975,70.9,2.6,13.7,8.7,4.1
0500000US18157,95314,69.2,2,10,15.3,3.5
0500000US18163,87497,74.9,3.1,10,8.5,3.5
0500000US18167,50809,66.2,2.8,13.2,13,4.8
0500000US18177,29336,73.5,1.1,11.7,10.1,3.7
0500000US19013,69021,71.9,2.3,9.7,11.3,4.7
0500000US19049,49871,73.2,4,7,13.4,2.3
0500000US19061,49454,69.8,2,11.6,11.1,5.5
0500000US19103,84295,55.6,3.4,11.5,26.4,3.2
0500000US19113,120071,73.6,2.5,8.5,10.1,5.3
0500000US19153,262065,72.7,3,8.6,11.3,4.4
0500000US19155,45910,73.9,2.3,6.9,12.9,4
0500000US19163,87735,71.4,3.2,8.9,12.7,3.8
0500000US19169,51985,55.1,2.8,6.2,30.4,5.5
0500000US19193,50829,75.2,2.9,9.1,9.3,3.5
0500000US20015,30877,66.9,2,9.3,16.7,5
0500000US20045,68816,60.2,3.6,9.9,22.7,3.6
0500000US20091,326916,71.5,4.3,8.3,10.3,5.6
0500000US20103,35062,67.2,2.9,4.9,21.8,3.2
0500000US20161,36755,49,1.9,6.8,36.3,6.1
0500000US20173,249173,72.1,2.6,7.2,13.1,5
0500000US20177,83296,62.5,1.9,11.4,19.6,4.6
0500000US20209,75651,75.3,1.8,6.8,11.2,4.9
0500000US21015,71284,76.4,3.7,7.8,8.5,3.5
0500000US21029,40622,79.6,2.6,3.2,12.2,2.4
0500000US21037,47957,73.4,3,9.1,10.9,3.7
0500000US21047,N,N,N,N,N,N
0500000US21059,46264,73.6,1.8,9.1,10.1,5.5
0500000US21067,172255,65.3,3.3,9.7,16.4,5.3
0500000US21093,48463,67.8,1.7,6,21.4,3.1
0500000US21111,383026,74.3,2.8,8.6,9.6,4.8
0500000US21117,85118,74.9,2.2,9,11.1,2.8
0500000US21145,29009,74.9,3,7.1,11.7,3.4
0500000US21151,46096,67.5,1,9.9,17,4.6
0500000US21185,31272,70.2,7.1,5.4,12.1,5.1
0500000US21227,67945,72.9,1.9,8.5,11.6,5.2
0500000US22005,61110,74.3,3.2,4.5,12.4,5.6
0500000US22015,58100,67.6,3.6,7.2,16.2,5.4
0500000US22017,103570,70.9,3.5,8.4,12.2,5
0500000US22019,89602,74.9,1.8,5.1,11.8,6.4
0500000US22033,216411,67.1,4.4,6,17.6,5
0500000US22045,30933,78.8,2.4,3.3,6.9,8.6
0500000US22051,210417,70.8,4.3,7.8,10.3,6.8
0500000US22055,117852,71.9,4.9,3.8,11.8,7.7
0500000US22057,42844,76.2,2.7,3.7,10.3,7
0500000US22063,63651,69.9,2.5,5,14.7,7.8
0500000US22071,176055,63.8,3.9,12.2,12.8,7.3
0500000US22073,62909,74.8,2.9,6.4,10.3,5.6
0500000US22079,53394,61,3,7.5,22.2,6.3
0500000US22097,29938,75.1,3,3.7,10.9,7.4
0500000US22103,117657,66.8,5.1,6,13.9,8.2
0500000US22105,55594,71.2,2.8,5.8,15.9,4.3
0500000US22109,45432,73.2,1.7,5.2,12.9,7
0500000US23001,54151,70.9,1.7,13.3,10.2,4
0500000US23003,28706,63.5,2.9,12.6,12.8,8.2
0500000US23005,167779,62.6,4.9,15.5,9.9,7.2
0500000US23011,61673,59.3,3.5,14.2,16.7,6.3
0500000US23019,72753,60.5,3.3,17.2,13.5,5.4
0500000US23031,109898,62.8,4.8,11.8,13.3,7.3
0500000US24001,29353,69.1,2,7.9,17.6,3.4
0500000US24003,293446,63.3,3.9,6.6,22,4.3
0500000US24005,418706,64.2,3.1,11.8,16.5,4.4
0500000US24009,48963,61.6,2.9,4.8,26.4,4.3
0500000US24013,88077,64.2,3.8,7.4,19.2,5.4
0500000US24015,51577,69.5,1.9,8.1,16.8,3.7
0500000US24017,80363,54.9,2.4,5.9,33.4,3.4
0500000US24021,134129,65.8,2.7,6.8,19.4,5.3
0500000US24025,131173,62.9,3.9,8.5,19.9,4.8
0500000US24027,171541,60.5,4.3,9.9,20.5,4.8
0500000US24031,572684,57.9,4.3,11.4,20,6.4
0500000US24033,484007,58.7,2.1,9.2,25.2,4.8
0500000US24037,55450,54.1,2.4,6.1,32,5.4
0500000US24043,68544,68.3,2.7,7.1,15.8,6.1
0500000US24045,47866,67,1.2,8.9,18.2,4.8
0500000US24510,286050,61.1,2.5,14.1,18.8,3.6
0500000US25001,105814,62.4,4.9,10.9,11.3,10.4
0500000US25003,62480,57.4,2.2,16.7,14.1,9.6
0500000US25005,284738,72.6,2.5,8.1,12.1,4.8
0500000US25009,411557,69.3,3.8,10.3,10.5,6
0500000US25011,37353,55.9,3,12.2,20.4,8.5
0500000US25013,212587,68.9,2.1,9.2,15.3,4.4
0500000US25015,84123,55.4,2.7,14.2,20.2,7.4
0500000US25017,893298,66.5,2.8,14.2,10.5,6
0500000US25021,379115,64.4,3.6,14.6,11.7,5.6
0500000US25023,267996,67.5,3.6,11,12.4,5.5
0500000US25025,443314,66.9,1.9,17.6,9.7,3.9
0500000US25027,426478,68.4,2.8,10.7,12.7,5.4
0500000US26005,55788,78.3,3.5,7.4,6.6,4.2
0500000US26017,47831,65.7,4.9,11.7,12.5,5.2
0500000US26021,74425,72.1,2.8,9.3,9.6,6.2
0500000US26025,61273,73.4,2,9.8,10.4,4.4
0500000US26037,38700,70.4,1.8,9.8,12.7,5.4
0500000US26045,52991,65.8,1.9,9.8,18.2,4.2
0500000US26049,178222,74.1,2.6,8.9,8.9,5.4
0500000US26055,46888,68.8,5.5,8.4,9.9,7.5
0500000US26065,145718,61.5,2.6,12.7,18.8,4.4
0500000US26073,34287,66.3,3.2,13.6,12,4.9
0500000US26075,67344,69.3,2.3,11.1,10.3,7
0500000US26077,133644,69.5,2.3,11.9,10.8,5.4
0500000US26081,340436,70,3.9,13.8,6.9,5.4
0500000US26087,40962,76.4,2.6,4.9,8.3,7.8
0500000US26091,44541,71.9,2.1,9.3,11.8,5
0500000US26093,99831,73.3,4.5,7.2,9.1,5.8
0500000US26099,438680,76.2,3.7,7.4,9.1,3.6
0500000US26103,30648,65.7,3.4,9.7,14.2,7
0500000US26111,37354,71.9,3.2,9.6,10.4,4.9
0500000US26115,70961,75.6,2.2,9.1,9.5,3.6
0500000US26121,75834,74.4,1.7,10,9.3,4.5
0500000US26125,650047,75.4,4.9,7.7,7.5,4.5
0500000US26139,150729,74.3,3.5,9.7,7.1,5.4
0500000US26145,83369,74.1,3.5,9.2,8.5,4.6
0500000US26147,74476,72.7,3.3,7.3,11.6,5.1
0500000US26155,32230,74.5,2.3,9.1,9.6,4.4
0500000US26159,35631,75.4,3.3,6.9,8,6.3
0500000US26161,190418,62,3.3,13.4,16.7,4.7
0500000US26163,753512,76.1,2.8,8.1,9.3,3.7
0500000US27003,193831,72.7,3.9,7.7,11.7,4
0500000US27013,38815,63.7,2.7,12.8,16.2,4.6
0500000US27019,55185,70.7,4.7,9.2,10.8,4.6
0500000US27037,232186,72.2,2.8,9.8,11.2,4
0500000US27053,707713,71,4,11.2,9.5,4.4
0500000US27109,84199,50.5,3.1,32.2,9.7,4.5
0500000US27123,284189,66.5,2.8,14.1,12.3,4.3
0500000US27131,32173,72,3,10.7,10.2,4.1
0500000US27137,97588,65.5,2.4,14.1,14,4
0500000US27139,80822,70.9,3.9,9,9.6,6.6
0500000US27141,53460,73.3,4.8,7,11.3,3.6
0500000US27145,84434,64.3,3.8,16,10.4,5.5
0500000US27163,142264,67.8,5,9.9,12.7,4.6
0500000US27171,75205,73.2,4.7,7,10.7,4.4
0500000US28033,92042,72.9,1.3,7.1,13,5.6
0500000US28035,32549,64.7,1.6,8.7,17,8
0500000US28047,85825,70,3,5,17,5
0500000US28049,105511,66.5,2.8,8.6,18.4,3.6
0500000US28059,59522,72.9,2.1,3.4,17.1,4.4
0500000US28067,N,N,N,N,N,N
0500000US28075,N,N,N,N,N,N
0500000US28081,38049,73.1,1.6,5.6,11.9,7.7
0500000US28089,55342,59.7,5.7,8.3,20.7,5.5
0500000US28121,76109,63.5,2.4,5,21.8,7.3
0500000US29019,94606,60.6,2.4,9.8,23.2,4.1
0500000US29021,41192,75.9,1.7,9.1,10.4,2.9
0500000US29031,40065,65.4,2.9,11.8,14.8,5
0500000US29037,52825,71,3.9,8.8,9.7,6.6
0500000US29043,40495,71.7,2.2,10.9,9.5,5.7
0500000US29047,128139,71.4,2.4,8.7,12.7,4.8
0500000US29051,38989,58,2.9,9.5,27,2.6
0500000US29071,51465,75.3,2.2,9.6,6.4,6.5
0500000US29077,135829,71.5,2.7,10.8,8.6,6.3
0500000US29095,353167,72.3,2.1,8.8,11.7,5.2
0500000US29097,56103,75.2,3.6,8.1,9,4.2
0500000US29099,114228,76.2,2.8,8.1,8.5,4.3
0500000US29165,54262,72.1,2.7,9.7,9.8,5.6
0500000US29183,209733,75.1,2.9,8.7,9.4,3.9
0500000US29187,27111,66.7,5,4.6,21.4,2.2
0500000US29189,498663,70.6,4.2,12.4,8.2,4.8
0500000US29510,158338,68.1,1.3,16.9,9.6,4.1
0500000US30013,37225,58.4,1.7,13.8,18.1,8
0500000US30029,49555,65.9,7.1,9,10.7,7.3
0500000US30031,65763,63,7.2,8.2,12.7,8.9
0500000US30049,35237,51.1,4.7,10.5,25.8,7.9
0500000US30063,68413,64.6,4.8,9,14.2,7.4
0500000US30111,80537,66.2,5,10.1,12.8,5.8
0500000US31055,296408,71.1,3.7,10.6,10.4,4.2
0500000US31109,175910,63.5,2.7,9.9,17.7,6.2
0500000US31153,94037,70.5,3.2,8.4,14.1,3.7
0500000US32003,1058400,78,3.4,2.7,10.2,5.6
0500000US32031,240788,72.4,2.7,5.6,13.2,6
0500000US33005,39875,61.4,3.4,12,14.1,9.1
0500000US33009,47809,56.3,3.6,19.6,12.7,7.8
0500000US33011,228593,71.5,2.8,10.8,9.4,5.5
0500000US33013,81067,62.5,2.9,12.6,15.5,6.4
0500000US33015,172287,69.6,3.4,9.8,11.4,5.9
0500000US33017,70637,65.4,3.4,11.4,15.3,4.4
0500000US34001,129700,71.5,3,5.5,15.1,4.8
0500000US34003,486527,70.5,6.6,6.9,10.8,5.2
0500000US34005,223123,64.7,4.3,8.6,18.3,4.1
0500000US34007,246447,71.3,3.1,8.9,13,3.7
0500000US34009,42080,60.5,5.4,7.7,21.3,5
0500000US34011,60140,71.5,1,3.7,20.3,3.5
0500000US34013,390081,70.3,3.3,8.6,13.1,4.6
0500000US34015,148667,69.2,3,7.3,17.1,3.4
0500000US34017,369645,77.4,2.6,6,9.2,4.8
0500000US34019,65089,67.6,4.9,7.9,13.5,6.1
0500000US34021,186168,70.1,2.7,9.1,14.8,3.3
0500000US34023,414736,74.1,3.1,5.7,13.1,3.9
0500000US34025,322545,69.6,5.1,6.8,13.1,5.4
0500000US34027,261468,71.1,5.1,6.3,11.9,5.6
0500000US34029,263534,66.9,3.7,7.2,15.6,6.5
0500000US34031,247660,76.7,3.2,4.6,11.1,4.4
0500000US34033,28387,72.9,2.3,7.4,13.8,3.6
0500000US34035,172310,71.5,4.8,6.8,12.7,4.2
0500000US34037,77486,69.6,3.9,7,13.7,5.8
0500000US34039,296235,74.3,3.3,5.9,12.3,4.2
0500000US34041,55795,70.3,2.8,7.4,14.4,5.1
0500000US35001,317984,62.4,3.2,7.8,20.2,6.5
0500000US35005,26559,68.3,2.3,4.4,16.4,8.6
0500000US35013,88235,67.3,2.4,4.9,18,7.5
0500000US35025,28838,76.5,3.5,3,11,5.9
0500000US35031,22473,54.4,1.4,7.1,30.9,6.2
0500000US35035,23231,56.2,2.9,4.9,29,7.1
0500000US35043,62075,66.2,4.6,3.8,18,7.5
0500000US35045,47046,63.2,2.8,6.5,22.4,5.1
0500000US35049,69945,55.2,5.9,7.2,20,11.7
0500000US35061,28914,60.6,3.8,6.5,23.1,5.9
0500000US36001,158461,56,2.5,13.8,23.1,4.5
0500000US36005,599204,68.7,2.1,9.9,13.8,5.5
0500000US36007,87171,58.5,2.4,11.4,23.4,4.3
0500000US36009,34287,59.4,2.7,8.2,23.4,6.3
0500000US36011,34211,62.4,2.6,10.9,18.7,5.4
0500000US36013,57791,61.1,2.4,11.9,16.8,7.8
0500000US36015,37484,61.6,2.8,15.1,14.4,6.2
0500000US36019,34663,59.4,3.2,9.6,24.1,3.7
0500000US36027,143973,61.2,4.3,12,16.9,5.6
0500000US36029,450994,65.9,2.9,11.9,15.2,4.1
0500000US36045,42968,57.5,2.5,8.1,24.7,7.2
0500000US36047,1237382,65.5,3.7,10.1,13.8,6.9
0500000US36051,27734,62.2,2.4,9.1,22.2,4.1
0500000US36053,34514,62.4,3.8,10.7,14.2,8.9
0500000US36055,362210,65.1,2.5,14.7,12.6,5.2
0500000US36059,694792,65.7,5.6,7.6,16.3,4.8
0500000US36061,901880,66.4,4.8,13.2,8.4,7.2
0500000US36063,100521,70.1,2.3,9.2,13.8,4.6
0500000US36065,101457,59.7,2.2,12.6,19.4,6.1
0500000US36067,218130,63.2,2.9,11.6,17,5.2
0500000US36069,55001,64.4,2.9,13.6,12.5,6.5
0500000US36071,180770,62.7,3.7,9.3,19.6,4.6
0500000US36075,54884,68.4,2.1,9,15.6,4.8
0500000US36079,51154,61.7,6.1,10.5,15.2,6.5
0500000US36081,1139938,68.3,3.4,7.6,13.8,6.8
0500000US36083,78874,60.2,2.1,12.5,19.8,5.5
0500000US36085,215330,64.8,1.8,7.3,21.5,4.6
0500000US36087,145105,60.5,5.2,13.4,15.7,5.3
0500000US36089,45917,50.8,2.7,13.1,26.1,7.3
0500000US36091,122767,61.8,3.3,11.3,19,4.6
0500000US36093,74213,65.3,1.5,11.6,17.7,3.9
0500000US36101,43117,63.8,3.7,12.2,13.8,6.4
0500000US36103,746408,64.5,5.6,7.6,18.4,3.9
0500000US36105,31996,52.7,2.9,19.6,16.6,8.3
0500000US36109,52823,48.1,3.7,29.2,13.1,5.9
0500000US36111,88812,60.1,4.1,9.8,15.6,10.4
0500000US36113,30956,56.6,3.3,13.9,17.7,8.5
0500000US36117,44235,66.6,3.8,8.6,15.7,5.2
0500000US36119,485840,61.1,4.9,12.4,15.2,6.3
0500000US37001,77299,72.4,3.2,6.6,13.1,4.7
0500000US37019,55101,68.6,3.8,6,16.1,5.4
0500000US37021,133339,65.6,6.6,8.3,11.3,8.1
0500000US37023,40803,68.8,2.4,6.1,20,2.9
0500000US37025,104573,71.3,3,8.2,13.8,3.7
0500000US37027,37538,73.8,2.3,3.5,10.6,9.7
0500000US37031,30152,63.8,4.6,5,17.6,9.1
0500000US37035,75318,75,2.8,6.4,10.1,5.7
0500000US37037,32429,66.6,6.5,8.2,15.4,3.3
0500000US37045,39966,72.7,4,5.8,12.8,4.8
0500000US37049,37568,65.6,3.8,5.9,21.4,3.3
0500000US37051,126347,64.4,2.8,5.4,23.2,4.1
0500000US37057,75745,73.4,3.1,6.3,9.7,7.5
0500000US37063,170657,64.6,2.4,12.6,15.6,4.8
0500000US37067,173934,70.1,3.3,11.1,10.4,5.1
0500000US37069,31473,68.1,5.6,9.1,12.5,4.7
0500000US37071,105681,76.1,3.1,7.5,9.5,3.8
0500000US37081,253968,69,3.3,8.7,13.7,5.2
0500000US37085,51723,69,4.7,3.7,17,5.6
0500000US37089,55075,69.9,4.9,9.5,9.1,6.6
0500000US37097,88746,75.7,4.8,5.1,8.6,5.8
0500000US37101,98692,68.4,3.7,5,17.7,5.2
0500000US37109,43136,69.5,4.1,5.9,12.1,8.3
0500000US37119,587011,77,4.5,5.8,8.6,4.1
0500000US37125,42550,63.2,4.1,10.6,13.3,8.8
0500000US37127,44704,74.3,2.7,4,14.6,4.4
0500000US37129,113649,68,4.3,7.5,12.1,8.2
0500000US37133,67538,60.4,1.5,3.3,29.1,5.8
0500000US37135,72716,53.6,2.5,12.9,23,8
0500000US37147,85975,66.3,2.4,6.8,18.1,6.4
0500000US37151,69384,70.2,3.6,6.7,13.3,6.3
0500000US37155,49250,74.9,1.9,4.2,15.1,3.8
0500000US37157,38613,72.5,4.4,5.9,11.8,5.4
0500000US37159,64848,71.7,2.1,7.6,12,6.5
0500000US37161,27963,74.6,4.1,4.9,11.2,5.2
0500000US37171,31146,74.4,3.6,3.3,14.8,3.9
0500000US37179,117721,72.8,4.5,7.4,10,5.3
0500000US37183,586724,69.9,4.2,7.3,13.8,4.8
0500000US37191,54671,70.5,2.3,3,18.5,5.8
0500000US37193,30650,71.2,2.7,6.6,8.9,10.4
0500000US37195,37668,74,2.6,6.2,12.4,4.7
0500000US38015,52813,64.7,5.6,8.8,16.5,4.5
0500000US38017,104060,66.9,2.7,13.8,12.2,4.5
0500000US38035,38111,56.8,1.5,12.6,24.7,4.4
0500000US38101,32505,66.4,4.2,7.6,16.6,5.2
0500000US39003,48907,73.9,2.3,10.5,9.8,3.6
0500000US39007,40788,70.2,4,8.1,12.6,5
0500000US39009,29252,53.2,0.6,12.3,28.6,5.3
0500000US39013,27482,81,2.1,5.1,7.7,4
0500000US39017,184920,75.2,2.5,7.4,9.7,5.2
0500000US39023,60325,74.6,2.3,6.7,10.9,5.5
0500000US39025,102971,76.2,2.8,7.9,7.8,5.2
0500000US39029,45490,78.9,2,7.9,7.8,3.4
0500000US39035,597311,68,3.6,12.5,11.5,4.4
0500000US39041,104337,67.8,3.6,9.2,11.2,8.2
0500000US39043,35873,74.3,1.7,8,10,6.1
0500000US39045,73188,68.5,2.9,9.2,15.2,4.3
0500000US39049,686173,70.8,2.4,9.7,12.7,4.3
0500000US39055,47865,66.2,6.4,10.3,10.1,7
0500000US39057,78956,60.8,2.8,11.1,20.7,4.6
0500000US39061,418318,70.2,2.9,12,10.4,4.5
0500000US39063,40669,75.6,1.9,9.1,10.1,3.3
0500000US39081,26347,78.6,1.3,6.8,9.6,3.7
0500000US39085,119593,74.2,3.4,10.5,8.2,3.6
0500000US39089,84229,68.5,2.9,11.9,12.5,4.3
0500000US39093,147339,74.1,2.4,8.1,11.8,3.5
0500000US39095,197203,72.5,2.6,10.7,10,4.2
0500000US39099,106010,69.6,4.2,9.9,11.8,4.5
0500000US39101,27024,77.3,1.8,9.4,8.8,2.7
0500000US39103,94303,71.8,4,9.8,10.6,3.8
0500000US39109,51448,72.4,1.6,7.8,13.5,4.7
0500000US39113,252130,69.5,2.4,11.4,12,4.7
0500000US39119,39252,72.7,1.8,9.1,11.2,5.1
0500000US39133,90072,76.2,2.4,5.3,10.9,5.2
0500000US39139,50876,74.7,2.6,6.4,11.1,5.1
0500000US39141,28849,66.4,1.7,9.9,19.1,2.9
0500000US39145,27187,67.4,2.4,12.9,14.1,3.3
0500000US39151,176442,71.2,2.6,9.4,11.2,5.6
0500000US39153,270582,71.7,3.1,9.6,10.6,5
0500000US39155,85849,70.7,2.6,8.3,12.7,5.6
0500000US39157,44425,72.9,2,9.5,10.9,4.6
0500000US39165,116822,69.9,2.9,9.3,12.4,5.5
0500000US39169,55696,72.4,3.1,7.3,8.9,8.3
0500000US39173,69495,67,2.7,10.6,14.9,4.9
0500000US40017,72710,68.3,3.6,8,16.2,3.9
0500000US40027,144802,63.4,4,7.1,20.3,5.2
0500000US40031,44812,55.9,2.7,7,27.8,6.6
0500000US40037,31114,73.9,3.1,5.3,12.2,5.5
0500000US40101,28471,62,4.7,4.2,23.6,5.5
0500000US40109,383888,66.5,4.2,7.8,14.9,6.6
0500000US40119,35817,58,2.3,9.1,25.1,5.5
0500000US40125,30003,61.6,2.7,6.8,21.8,7.1
0500000US40131,43082,71.2,2.7,6.1,12.8,7.2
0500000US40143,314580,72.1,3.6,8.5,10,5.8
0500000US40145,36839,70.4,4,6,12.5,7.1
0500000US41003,45078,54.9,3.2,13.1,24,4.8
0500000US41005,207904,66.9,4.8,9.3,11.7,7.3
0500000US41017,93849,63.1,6.8,8,11.4,10.7
0500000US41019,44347,64.8,3.5,10.8,13.2,7.7
0500000US41029,98510,64.8,4.4,9.7,11.9,9.2
0500000US41033,32490,58.9,2.9,8.6,14.2,15.3
0500000US41035,25208,60.4,1.4,8.8,21.9,7.5
0500000US41039,177274,62.5,3.9,9.3,15.5,8.8
0500000US41043,55955,65.9,4.3,8.8,15.1,5.9
0500000US41047,158633,68.2,3.2,8,15.8,4.9
0500000US41051,453165,65.5,4.9,11.2,10.6,8
0500000US41053,38822,57.5,4.4,8.1,24.5,5.5
0500000US41059,30920,66.3,1.8,7.1,19.1,5.8
0500000US41067,317538,73.4,3.3,8.3,9.6,5.5
0500000US41071,49758,68.9,3.2,8.9,11.2,7.7
0500000US42001,49842,72.1,2.5,9,10.3,6.1
0500000US42003,631382,68.4,2.6,15.8,9.1,4.2
0500000US42005,30030,68.9,3,10.3,12.5,5.3
0500000US42007,78606,73.7,2.8,8.9,9.5,5
0500000US42011,209400,73.7,2.5,8.7,9,6.1
0500000US42013,59010,70.6,2.7,10,11.9,4.7
0500000US42017,337276,71.5,4.2,9.4,9.2,5.7
0500000US42019,93536,70.6,3.2,11.6,9.9,4.6
0500000US42021,58931,67.4,1.9,11.8,13.2,5.7
0500000US42025,30564,72.8,2.5,11.1,11,2.6
0500000US42027,77267,59.7,2.5,15.2,19,3.6
0500000US42029,277332,72.5,4.7,9.7,7.7,5.3
0500000US42033,34647,69.3,1.2,9.1,14.3,6.1
0500000US42037,31672,67.6,3.2,13.9,10.1,5.2
0500000US42039,38635,63.5,3.2,11.9,12.4,8.8
0500000US42041,130081,68.6,2.6,9.4,14.1,5.3
0500000US42043,140565,66.2,2.1,11.7,15.5,4.5
0500000US42045,278643,69.1,3.7,13.4,8.7,5.1
0500000US42049,129088,67.3,1.9,15.7,9.4,5.7
0500000US42051,57970,70.8,2.3,10.8,10.6,5.4
0500000US42055,77167,69.1,1.4,9.5,12.9,7.2
0500000US42063,37138,68.8,1.7,9.8,13.2,6.4
0500000US42069,102148,69.3,3.4,12,10.7,4.7
0500000US42071,271712,70.2,3.3,11.3,7.5,7.7
0500000US42073,39558,74.2,2.8,9.6,7.7,5.8
0500000US42075,70227,71.8,2,9.2,10.9,6.1
0500000US42077,178305,73.4,2.7,12.1,7.1,4.7
0500000US42079,151576,74.6,3,7.6,10.3,4.5
0500000US42081,51746,68.6,2.5,10.4,12.1,6.4
0500000US42085,48401,68.1,1.8,11.2,10.7,8.2
0500000US42089,78867,72.2,2.7,9.2,10.3,5.6
0500000US42091,438881,72.7,3.7,11.1,7.7,4.8
0500000US42095,148551,71.1,2.8,11.5,8.8,5.7
0500000US42097,42130,67.8,1.5,12.7,13.3,4.7
0500000US42101,714190,68.3,2,13.7,11.4,4.6
0500000US42107,62373,70.7,3.4,8.2,12.4,5.3
0500000US42111,32033,72.4,4.2,7.1,9.2,7.1
0500000US42125,103348,73.9,2.4,9.3,9.5,4.9
0500000US42129,171961,72,3.8,11.1,8.4,4.8
0500000US42133,224002,70.8,2.5,10.5,10.2,5.9
0500000US44003,85190,67.3,2.6,10.5,15.2,4.3
0500000US44005,40920,57.2,5.6,12.3,18.4,6.5
0500000US44007,312002,71.8,2.6,10.5,10.8,4.2
0500000US44009,64921,65.2,4.9,7.9,16.8,5.2
0500000US45003,75205,71.1,3.9,4.4,16.3,4.3
0500000US45007,92973,71.9,3.1,7.5,12.5,5
0500000US45013,77192,64.6,7.4,5.5,13.3,9.1
0500000US45015,102252,69.9,3.4,4,16.8,5.9
0500000US45019,208236,67.3,4.7,6.1,15.2,6.7
0500000US45031,24288,73.4,2,5.6,14.4,4.6
0500000US45035,79904,70.2,3.3,5.9,16.2,4.4
0500000US45041,61910,67.3,3.3,10.4,15.3,3.7
0500000US45045,256432,72.5,4,8.9,9.1,5.5
0500000US45047,31927,67.8,1.4,10.3,15,5.5
0500000US45051,150377,72.4,4.9,3.7,9.8,9.3
0500000US45055,29080,68.9,4.2,4,17.6,5.3
0500000US45057,42770,69.6,5.3,4,13.9,7.2
0500000US45059,27533,70.9,4.6,5.7,14.9,3.9
0500000US45063,141473,67.5,3.5,6,17.1,5.8
0500000US45073,29782,70.2,4.5,6.2,13.8,5.3
0500000US45075,34822,69.5,3.9,3.2,17.9,5.4
0500000US45077,57665,63.2,4.5,9.2,16.5,6.6
0500000US45079,195352,64.7,3.2,7.4,21,3.8
0500000US45083,144191,75.2,3,5.4,11.3,5.1
0500000US45085,44179,66.8,2.4,5.8,20.2,4.7
0500000US45091,136580,75.8,3.8,5.3,11,4.1
0500000US46099,108573,69.8,3.6,14.1,8.4,4.2
0500000US46103,56084,65.5,3.6,11.7,13,6.3
0500000US47001,32689,69.4,2.7,8.5,13.6,5.7
0500000US47009,61767,72,2.8,9.1,10.8,5.4
0500000US47011,50725,71.1,2.4,8.8,7.2,10.5
0500000US47037,389697,71.3,2.3,10,9.6,6.8
0500000US47059,29597,72.2,3.2,5.5,12.6,6.5
0500000US47065,177723,68.1,2.6,9,11.5,8.7
0500000US47093,233590,70.1,2,7.2,14.9,5.8
0500000US47113,44643,66.7,3,7.4,17.3,5.4
0500000US47119,44492,70.7,2.5,7.5,12.1,7.3
0500000US47125,83614,65.5,3.5,4.9,20.7,5.5
0500000US47141,36555,66.4,2.9,5.7,16.8,8.2
0500000US47147,35342,70.1,2.3,6.7,14.2,6.8
0500000US47149,172681,73.6,1.7,6.3,11.7,6.6
0500000US47155,43719,77.9,1.6,4.3,8.4,7.9
0500000US47157,430511,72.3,1.9,8.7,12.2,4.9
0500000US47163,64136,71.9,2.1,7.9,12.2,5.9
0500000US47165,93821,71.9,1.7,5.8,12.8,7.8
0500000US47179,59336,66.8,2.4,10.3,14.7,5.7
0500000US47187,119373,69.3,4.7,9.4,8.2,8.4
0500000US47189,71361,72.4,3.6,7.4,10.1,6.6
0500000US48005,35213,65.6,3.3,8.9,11.4,10.8
0500000US48021,38109,67.2,3.4,4.3,17,8
0500000US48027,148030,64,2.1,7.7,20.9,5.3
0500000US48029,922429,73.2,2.1,6.2,12.6,5.9
0500000US48037,36966,70.4,1.2,6.6,18.4,3.4
0500000US48039,169481,69.9,1.7,7.3,14.8,6.4
0500000US48041,103742,58.5,2.7,6.6,26.4,5.7
0500000US48061,163171,68.3,2.3,4.6,16.8,8.1
0500000US48085,527036,75.9,4,4.8,9.5,5.7
0500000US48091,63689,69.3,4.8,6,11.4,8.5
0500000US48099,23185,57.9,2.5,6,23.5,10.2
0500000US48113,1333559,76.5,2.9,5.6,8.1,6.8
0500000US48121,469327,75.4,3.5,5.2,10,5.9
0500000US48135,75990,77.9,3,3.2,10.4,5.5
0500000US48139,89419,72.6,3.1,7.2,11.4,5.7
0500000US48141,360160,67,2.8,5.2,19,6
0500000US48157,383153,70.9,4.4,6,12.8,5.9
0500000US48167,160521,67.5,3.1,7.3,15.8,6.3
0500000US48181,61509,74,2.3,5.3,11.6,6.8
0500000US48183,56452,75.2,2.4,7.3,10.4,4.7
0500000US48187,76946,66.1,3.3,4.4,19.2,7
0500000US48201,2269657,74.6,2.8,5.3,10.3,7
0500000US48203,29157,60.5,2.9,11.3,14.2,11
0500000US48209,112641,68.8,2.6,4.5,17.6,6.5
0500000US48213,29917,68.5,1.7,5.1,11.6,13.1
0500000US48215,338116,64.9,3.8,3,18,10.4
0500000US48231,43943,69.7,2.1,4.6,14,9.5
0500000US48245,104575,78,1.5,3.6,12.5,4.3
0500000US48251,78119,72.6,2,6.5,11,8
0500000US48257,61393,71,2.5,6,15.1,5.4
0500000US48291,32179,72.7,1.3,2.2,19,4.8
0500000US48303,152030,67.1,2.4,7.5,16.1,6.8
0500000US48309,115561,68.7,2.1,11.1,11.3,6.7
0500000US48329,91188,75.4,3.4,6.3,8,6.9
0500000US48339,284354,71.4,4.3,5.1,11.5,7.7
0500000US48347,26584,69.5,1.9,4.5,18.4,5.8
0500000US48355,164776,69.2,3.1,5,13.6,9.1
0500000US48361,38767,73.2,3.5,7.6,9.3,6.3
0500000US48367,62785,69.6,3.6,6.1,13.1,7.6
0500000US48375,52488,74.8,2.8,5.2,10.9,6.3
0500000US48381,73018,65.8,4.1,5.9,19.4,4.7
0500000US48397,50140,64.8,5.7,7.6,13.4,8.5
0500000US48409,27963,71.4,1.6,4.1,17.2,5.8
0500000US48423,104522,68.4,3.8,5.5,12.8,9.5
0500000US48439,1044561,76.1,2.8,5.1,9.6,6.4
0500000US48441,61833,68.1,3.7,9.1,14,5.2
0500000US48451,53524,63,2,8.4,18.8,7.7
0500000US48453,706327,67.9,3.8,6.9,14.2,7.1
0500000US48469,39664,75.5,1.4,3.2,13.3,6.5
0500000US48471,N,N,N,N,N,N
0500000US48479,110291,71.2,2,2.7,14.8,9.3
0500000US48485,55745,65.5,2.8,6.6,18.5,6.6
0500000US48491,288185,70.6,3.1,6,13.8,6.5
0500000US48497,32414,69.9,2.5,3.7,12.5,11.4
0500000US49005,63257,67.3,4.8,6.3,17.6,4
0500000US49011,165046,66.8,3.4,7.6,17.8,4.5
0500000US49035,599675,70.2,4.1,7.1,13.6,4.9
0500000US49045,33049,73.9,2.1,2.2,18.6,3.1
0500000US49049,290186,71.8,4.3,9,9.9,5.1
0500000US49053,69042,65.8,9.6,5,13.5,6.1
0500000US49057,126524,69.4,3.3,4.8,17.5,5
0500000US50007,93069,60.3,3.1,17.5,13.2,5.9
0500000US51003,52738,53.2,4.5,11.1,23,8.2
0500000US51013,151920,55.1,2.2,14.2,23.8,4.7
0500000US51015,35299,63.3,2,7.9,20.1,6.6
0500000US51019,37360,70.3,2.2,9.7,11.2,6.6
0500000US51041,175205,66.2,4,6.2,19.4,4.1
0500000US51059,619552,60.4,4.2,9,20.6,5.8
0500000US51061,37106,65.3,4.5,5.6,17.4,7.3
0500000US51069,44698,68.3,3.2,7.6,16.4,4.4
0500000US51085,55559,65.4,4.3,8.9,16.4,5.1
0500000US51087,174908,69.8,2.6,6.9,16.2,4.5
0500000US51095,N,N,N,N,N,N
0500000US51107,219579,68.2,4.1,6.5,17.1,4.2
0500000US51121,41190,55.4,2,4.7,32.6,5.3
0500000US51153,243136,65,3.1,5.5,21.7,4.7
0500000US51161,46643,67.4,3.3,9.8,15.2,4.3
0500000US51165,40315,66.2,2.1,7.2,18.2,6.3
0500000US51177,68473,63.6,3.4,6.1,22.2,4.7
0500000US51179,74750,56.6,2.5,3.9,32.4,4.5
0500000US51199,29937,59.3,3.6,7.6,26.5,3.2
0500000US51510,96362,54.9,3.7,14.2,21.9,5.3
0500000US51550,113366,61.7,3,8.3,22.8,4.2
0500000US51650,61030,64.8,2.7,6.3,23.9,2.2
0500000US51680,35609,59.1,1.7,22.8,11.6,4.9
0500000US51700,84200,66.8,2.3,5.9,22,3.1
0500000US51710,103783,65.5,2.6,6.6,21,4.3
0500000US51740,40195,63.6,1.2,6.6,23.7,4.9
0500000US51760,118905,69.4,3.4,8.5,14.8,3.9
0500000US51770,46948,72.9,1.8,10.3,11,4.1
0500000US51800,43359,61.5,3,8,23.6,3.9
0500000US51810,219659,63.8,3.4,7.1,21.4,4.4
0500000US53005,89231,65.9,3.7,6.3,17.3,6.8
0500000US53007,38383,71.9,3.5,5.3,11.2,7.9
0500000US53009,30717,58,6.6,6.3,20.5,8.7
0500000US53011,236549,69.2,3.7,8.6,12.7,5.8
0500000US53015,47705,72.4,4.4,7.9,11.1,4.2
0500000US53021,40930,67.3,2.8,5.3,15.6,9.1
0500000US53025,43707,65.9,4.2,4.8,19.8,5.4
0500000US53027,26118,58.1,3.9,6.8,24.1,7.1
0500000US53029,30578,57.5,5.8,8.3,22.2,6.2
0500000US53033,1233478,70,4,9,10.9,6.2
0500000US53035,121117,54.9,4.9,7.9,27.2,5.1
0500000US53041,31872,61.1,2.6,9.7,21.4,5.3
0500000US53045,26937,58,4.3,4.4,24.2,9
0500000US53053,426648,65.9,3.1,7.5,18.6,5
0500000US53057,58273,67.6,5.6,5.9,14.9,5.9
0500000US53061,424295,71.6,3.5,6.7,12.2,6
0500000US53063,239469,63.7,4.6,11,14.9,5.9
0500000US53067,132697,54.3,3.4,8.2,28.8,5.5
0500000US53073,107207,64.3,4.5,8.3,16.2,6.8
0500000US53077,105863,73.1,1.6,6.9,13.5,4.8
0500000US54003,57278,68.8,1.7,6.3,18.1,5.2
0500000US54011,37789,67.4,0.6,12,17.6,2.4
0500000US54033,28927,68,2.1,5.2,21.8,2.9
0500000US54039,75861,64.4,2.7,8.7,20.3,3.9
0500000US54061,53070,61.3,2.3,12.7,20.3,3.4
0500000US54081,27849,71.1,2.9,7.6,16,2.3
0500000US54107,36422,70.1,1.6,6.2,16.2,5.9
0500000US55009,138055,71.8,3.7,10.1,10.2,4.3
0500000US55025,311345,62.7,3.6,9.1,20.5,4.1
0500000US55027,46921,74.9,3.7,8.1,8.5,4.8
0500000US55035,54776,68.6,2.8,10.4,14.4,3.8
0500000US55039,53215,71.2,2.8,9.3,12.4,4.3
0500000US55055,47691,71.3,4.2,9.6,11.1,3.9
0500000US55059,86652,78.1,1.5,6.8,10.2,3.3
0500000US55063,62648,69.4,3.1,13.7,9.8,3.9
0500000US55071,39479,76.5,3.4,7.6,8,4.6
0500000US55073,71135,71.8,2.3,9.3,10.1,6.5
0500000US55079,461177,73.6,2.1,10.5,10.1,3.7
0500000US55087,99134,74.2,2.4,9.7,8.4,5.2
0500000US55089,48336,69.5,3.4,13.4,9.1,4.6
0500000US55097,36764,71.3,3.6,7.6,12.1,5.4
0500000US55101,95803,76.2,2.8,7.9,9.2,4
0500000US55105,83603,76.2,3.1,7.4,9.6,3.7
0500000US55109,49766,70.4,5.5,8.5,10.7,5
0500000US55117,59185,75.5,2.5,7.9,8.6,5.4
0500000US55127,55520,71.5,3.9,7.6,10.5,6.5
0500000US55131,72577,73.8,3.7,9.5,9.6,3.5
0500000US55133,213955,73.7,4.2,11.1,7.3,3.7
0500000US55139,88028,77.5,2.8,6.7,9.9,3.1
0500000US55141,35875,70.7,3.1,9.9,9.3,7
0500000US56021,44981,54.8,2.8,8,28.5,6
0500000US56025,41357,68.8,3.5,5,16.1,6.6
0500000US72013,23376,58.7,1.6,6.4,24.4,8.9
0500000US72021,60329,63.4,2.2,3.7,23.4,7.4
0500000US72025,45143,64,4.6,5.2,17.8,8.4
0500000US72031,54252,66.2,3.3,4.7,17.7,8.1
0500000US72061,35408,56.6,5.3,4.3,22.8,11
0500000US72097,15513,57.2,1.6,5.7,23.5,12
0500000US72113,37191,66.1,2.7,4,21.6,5.6
0500000US72127,122449,56.3,3.7,4,21.4,14.6
0500000US72135,N,N,N,N,N,N
0500000US72137,27065,63.5,0.6,4.7,24.2,6.9
0500000US72139,25837,59.7,2.2,6.7,20.5,10.8
